cik	raised_2020Q2	tier	raised_2017Q2	state	zip	incremental_2017Q2to2020Q2	zipcode
33073	49.999998	2	0	IL	60148	49.999996185	60148
725929	0.485	2	0	FL	33624	0.4850000143	33624
832090	12.517726	1	0	MD	21801	12.517725945	21801
841533	0.436958	1	0	CA	92660	0.4369579852	92660
860676	1.200275	1	0.350302	NY	14843-1699	0.8499730229	14843
927719	6.675691	1	0.570729	NY	13753	6.1049618721	13753
1022183	0.03	1	0	FL	33716	0.0299999993	33716
1025991	16.96084917	1	0	NY	12106	16.960849762	12106
1054476	20	1	0	NV	89451	20	89451
1074922	3.1087575	1	0	ND	58103	3.1087574959	58103
1110648	0.94	1	0.407	CA	92672	0.5329999924	92672
1139685	5.19434911	2	0	MD	20850	5.1943492889	20850
1157509	0.35875	1	0	CA	92629	0.3587499857	92629
1277998	5.41117	2	0	NC	28134	5.4111700058	28134
1357231	9.65922575	1	0	CO	80226	9.6592254639	80226
1365794	4.618245	1	0	CA	91701	4.6182451248	91701
1373467	0.2	2	0	CA	95835	0.200000003	95835
1425565	0.53877	2	0	CO	80202	0.53877002	80202
1433959	14	1	0	CO	80526	14	80526
1449349	0.12528	2	0	WA	99352	0.1252799928	99352
1486452	0.79632	1	0	IA	50322	0.7963200212	50322
1493006	14.2488565	1	0	LA	71270	14.248856544	71270
1506275	12.628465	2	0	FL	33145	12.628464699	33145
1509302	4.39803	1	0	PA	19468	4.3980298042	19468
1548187	10.862955	2	0	TX	77081	10.862955093	77081
1558583	19.1467705	2	0	OR	97402	19.146770477	97402
1577351	21.051287	2	0.222	CA	92101	20.829286575	92101
1588504	34.93655	1	27.5673	GA	30308	7.3692498207	30308
1588504	129.474505	2	0	GA	30308	129.47450256	30308
1594139	5	1	0	CO	80033	5	80033
1599738	3.988341	2	0	CA	92075	3.9883410931	92075
1600983	21.197644	2	0	CA	94043	21.19764328	94043
1602929	6.8451	1	0	NY	10007	6.845099926	10007
1606799	0.007875	2	0.0052	FL	33401	0.0026750001	33401
1607838	25.911085	2	0	VA	20191	25.911085129	20191
1620704	7.5027324	2	0.8725482	CA	91304	6.6301841736	91304
1638850	1.53276	2	0.559274	CO	80121	0.9734860063	80121
1639953	4.587133	2	0	VA	22192	4.5871329308	22192
1640967	59.7	2	14.420645	DC	20036	45.279354095	20036
1643584	0.86342208	2	0	NY	10036	0.8634220958	10036
1644903	12	2	0	NC	28211	12	28211
1645583	147.7	2	50	DC	20036	97.699996948	20036
1646269	10.03288341	2	0	OH	43110	10.032883644	43110
1646921	9.20941056	2	0	WA	99202	9.2094106674	99202
1648956	131.2	2	50	DC	20036	81.199996948	20036
1648960	0.391712	2	0	NJ	08901	0.3917120099	08901
1650519	0.832	2	0	CO	80301	0.8320000172	80301
1651699	5.5	2	0.923781	CA	90302	4.5762190819	90302
1651721	5.199	2	2.242835	FL	33602	2.9561650753	33602
1652350	0.21515	2	0.174862	DE	19904	0.0402880013	19904
1652564	0.285	1	0	KY	41016	0.2849999964	41016
1652577	0.023	1	0	NY	10001	0.023	10001
1654124	5.550516	2	1.340425	CA	90401	4.210091114	90401
1654551	19.911696	1	0	MS	38751	19.91169548	38751
1654595	19.9558	2	8.6149909	VA	23219	11.340808868	23219
1656108	33.562	2	1.455	IL	60010	32.106998444	60010
1656124	3.076306	1	0	PA	18104-9109	3.0763061047	18104
1657737	0.42383	2	0.0638	IL	60423	0.3600299954	60423
1658966	7	2	0.628	CA	94107	6.3720002174	94107
1660918	102.6	2	11.35	DC	20036	91.25	20036
1660919	101.3	2	12.612	DC	20036	88.68800354	20036
1660983	26.9	2	0	DC	20009	26.899999619	20009
1660987	42.6	2	0	DC	20009	42.599998474	20009
1660998	62.1	2	0	DC	20036	62.099998474	20036
1661000	61.3	2	0	DC	20036	61.299999237	20036
1661023	104.7	2	10.6	DC	20036	94.099998474	20036
1661116	0.720515	2	0	CA	90049	0.7205150127	90049
1661166	5.851294	2	0	FL	32801	5.8512940407	32801
1661779	13.211279	2	0	CA	90069	13.211278915	90069
1664038	0.52	1	0	FL	33160	0.5199999809	33160
1667307	35.579904	2	1.764845	IL	60605	33.815059662	60605
1668010	8.894052	2	1.59433	CA	90013	7.2997221947	90013
1669368	0.26735	2	0	VA	20190-5667	0.2673499882	20190
1669664	72.936	2	15.5	CA	90025	57.436000824	90025
1669778	1	2	0.009875	UT	84020	0.9901250005	84020
1670010	8.91041	2	3.69413	FL	34236	5.2162799835	34236
1671132	0.059	2	0	FL	33716	0.0590000004	33716
1674163	5.456312	2	0.75	CA	90067	4.7063121796	90067
1675634	12	2	0	CA	92618	12	92618
1677077	0.074926	2	0	UT	84101	0.0749259964	84101
1677881	50	2	0	UT	84121	50	84121
1678097	0.70686296	2	0	AZ	85034	0.7068629861	85034
1678107	3.319535	2	0	AZ	85715	3.319535017	85715
1679063	26.903796	2	0	CT	06807	26.903795242	06807
1680657	50	2	0	UT	84121	50	84121
1681287	0.007786	1	0	NY	10989	0.0077860001	10989
1682110	0.279231	2	0	FL	32561	0.2792310119	32561
1683145	10.584978	2	0	CA	94612	10.584978104	94612
1683719	12.2348	2	0	NV	89123	12.234800339	89123
1683872	0.4922712125	2	0	CA	90265	0.4922712147	90265
1684813	3.392457	2	0	NY	10018	3.3924570084	10018
1685982	0.087958	2	0	CA	91361	0.0879580006	91361
1687237	5.95147	2	0	AR	72202	5.9514698982	72202
1687316	0.370667	2	0	AZ	85204	0.3706670105	85204
1688361	0.841929	2	0	CA	94025	0.8419290185	94025
1688804	7.4357	2	0	NY	10012	7.4356999397	10012
1690455	1.025732	2	0	CO	80021	1.0257320404	80021
1690824	0.0669	2	0	CA	94577	0.0669	94577
1691077	2.922448	2	0	CA	90210	2.9224479198	90210
1693656	15.4	2	0	NY	10011	15.399999619	10011
1694046	2.03656466	2	0	VA	22204	2.0365645885	22204
1694600	5.9175	1	2.83475	GA	30308	3.082750082	30308
1697746	0.058	1	0	CO	80121	0.0579999983	80121
1698370	10	2	0	A1	V1T 9G1	10	V1T 9
1699573	27.525	2	0	CA	90025	27.524999619	90025
1699834	50	2	0	FL	33431	50	33431
1700461	7.51393	2	0	CA	90025	7.5139298439	90025
1700800	22.7	2	0	CA	92121	22.700000763	92121
1700976	17.587382	2	0	FL	32801	17.587381363	32801
1701756	0.143497	2	0	TX	77058	0.1434970051	77058
1702206	9.382134	2	0	CA	94043	9.3821344376	94043
1703429	0.008345	2	0	TX	77043	0.0083450004	77043
1703732	0.050748	2	0	MD	20814	0.0507480018	20814
1704303	7.695595	2	0	GA	30326	7.6955947876	30326
1704419	0.467985	2	0	CA	90265	0.4679850042	90265
1705012	25.177	2	0	CA	90212	25.177000046	90212
1706350	6.912274	2	0	IL	60201	6.9122738838	60201
1706656	28.7	2	0	DC	20009	28.700000763	20009
1706907	0.265	1	0	FL	33166	0.2649999857	33166
1706951	0.19431	2	0	CO	80202	0.1943099946	80202
1710274	1.98323	2	0	CA	92024	1.9832299948	92024
1712949	1.15672	2	0	A1	V0G 1Y0	1.1567200422	V0G 1
1714024	1.566	1	0	CO	80112	1.5659999847	80112
1714420	16.811247	2	0	CA	90024	16.811246872	90024
1714680	2.709285	2	0	CA	94107	2.7092850208	94107
1714781	9.7404	2	0	NJ	08638	9.7404003143	08638
1714919	3.572235	2	0	IL	60089	3.5722351074	60089
1715397	1.562251	2	0	FL	32778	1.5622509718	32778
1715819	0.51451854	2	0	AZ	85260	0.514518559	85260
1716516	8.68344	1	0	PA	17601	8.6834402084	17601
1717556	6.5626	2	0	PA	18902	6.5626001358	18902
1718873	12.566834	1	0	AR	72560	12.56683445	72560
1720014	49.822095	2	0	TX	75201	49.822093964	75201
1720201	15.1409365	2	0	FL	33432	15.140936852	33432
1721469	0.66852	2	0	CA	91786	0.6685199738	91786
1722266	3.8269	2	0	TX	78759	3.8269000053	78759
1723028	13.855741	2	0	CA	92626	13.855740547	92626
1723443	2.76143705	2	0	MN	55125	2.7614369392	55125
1723517	1.45	2	0	GA	30341	1.4500000477	30341
1724293	0.728701	1	0	NY	10017	0.7287009954	10017
1727535	1.2625	1	0	NJ	07024	1.2625000477	07024
1729481	0.156329	2	0	UT	19809	0.156329006	19809
1732217	0.528596	2	0	NY	10017	0.528595984	10017
1733443	11.1933	2	0	UT	84737	11.193300247	84737
1734669	0.4374	2	0	FL	33431	0.4374000132	33431
1735770	0.04175	2	0	MD	21601	0.0417499989	21601
1736865	2.6145	1	0	TX	78734	2.6145000458	78734
1737337	0.5658	2	0	OH	45227	0.5658000112	45227
1738134	1.9965	2	0	NY	10013	1.9965000153	10013
1741220	0.0129	2	0	TX	77494	0.0129000004	77494
1741665	50	2	0	FL	33180	50	33180
1741687	0.01720817	2	0	CA	92130	0.0172081701	92130
1742075	0.2	2	0	TN	37205	0.200000003	37205
1742521	50	2	0	MI	49546	50	49546
1744448	3.216968	2	0	CA	91711	3.2169680595	91711
1746078	19.35816475	2	0	IL	60605	19.358163834	60605
1748137	3.5	2	0	CA	92037	3.5	92037
1749817	44.9799	2	0	CT	06830	44.97990036	06830
1750148	3.6555	2	0	NY	10013	3.6554999352	10013
1750695	12.104793	2	0	CA	92101	12.104792595	92101
1751158	2.30122	2	0	GA	30308	2.3012199402	30308
1756014	0.4747941	2	0	NV	89135	0.4747940898	89135
1756704	1	1	0	CA	92064	1	92064
1758744	49.4	2	0	DC	20036	49.400001526	20036
1758745	49.3	2	0	DC	20036	49.299999237	20036
1759352	2.9776	2	0	A1	V6C 3A6	2.9776000977	V6C 3
1760319	0.26295	2	0	CA	90501	0.2629500031	90501
1760903	0.735	2	0	FL	33477	0.7350000143	33477
1764460	50	2	0	UT	84121	50	84121
1765347	1.334218	2	0	FL	33578	1.3342180252	33578
1766343	20.463	2	0	FL	33180	20.462999344	33180
1766914	0.06425	2	0	OH	45430	0.0642499998	45430
1767876	0.618	2	0	NY	10017	0.6179999709	10017
1768126	1.5233	2	0	NY	10012	1.5233000517	10012
1768726	46.1	2	0	DC	20009	46.099998474	20009
1768760	49.7	2	0	DC	20009	49.700000763	20009
1769759	13.608084	2	0	NY	11251	13.608083725	11251
1772602	0.119	2	0	FL	33578	0.1190000027	33578
1773026	0.09	2	0	CA	94903	0.0900000036	94903
1776857	48.7	2	0	DC	20036	48.700000763	20036
1776860	30.3	2	0	DC	20036	30.299999237	20036
1778651	15.111436	2	0	A1	V6C 3E8	15.11143589	V6C 3
1779303	2.021147	1	0	CA	92127	2.0211470127	92127
1780633	50	2	0	MI	49546	50	49546
1781737	1.039	2	0	NY	10013	1.0390000343	10013
1782627	0.62354	2	0	CA	90066	0.6235399842	90066
1785031	1.292	2	0	NV	89108	1.2920000553	89108
1788427	2.138059	2	0	IL	60010	2.1380589008	60010
1790169	10.2	2	0	A6	M5H2M5	10.199999809	M5H2M
1791539	1.089	2	0	NY	10013	1.0889999866	10013
1792103	14.134	2	0	DC	20036	14.133999825	20036
1792104	0.028	2	0	DC	20036	0.0280000009	20036
1792106	25.476	2	0	DC	20036	25.475999832	20036
1792744	40.26	2	0	NE	68743	40.259998322	68743
1794418	29.7	2	0	MI	49546	29.700000763	49546
1794758	1.18876	2	0	NY	10013	1.1887600422	10013
1800207	14.669	2	0	FL	33487	14.668999672	33487
