cik	raised_2020Q2	tier	raised_2019Q2	state	zip	incremental_2019Q2to2020Q2	zipcode
725929	0.485	2	0	FL	33624	0.4850000143	33624
841533	0.436958	1	0	CA	92660	0.4369579852	92660
927719	6.675691	1	6.27562025	NY	13753	0.4000707567	13753
1054476	20	1	0	NV	89451	20	89451
1074922	3.1087575	1	0	ND	58103	3.1087574959	58103
1139685	5.19434911	2	4.93845235	MD	20850	0.2558967471	20850
1157509	0.35875	1	0	CA	92629	0.3587499857	92629
1277998	5.41117	2	0	NC	28134	5.4111700058	28134
1373467	0.2	2	0	CA	95835	0.200000003	95835
1425565	0.53877	2	0	CO	80202	0.53877002	80202
1449349	0.12528	2	0	WA	99352	0.1252799928	99352
1486452	0.79632	1	0.75132	IA	50322	0.0450000018	50322
1506275	12.628465	2	5.233465	FL	33145	7.3949999809	33145
1577351	21.051287	2	15.406439	CA	92101	5.6448478699	92101
1588504	129.474505	2	55.382004	GA	30308	74.092498779	30308
1599738	3.988341	2	3.91788075	CA	92075	0.0704602525	92075
1600983	21.197644	2	18.697644	CA	94043	2.5	94043
1607838	25.911085	2	16.877866	VA	20191	9.0332193375	20191
1620704	7.5027324	2	5.2602282	CA	91304	2.2425041199	91304
1638850	1.53276	2	1.240209	CO	80121	0.2925510108	80121
1640967	59.7	2	40.5943835	DC	20036	19.105615616	20036
1645583	147.7	2	116.4	DC	20036	31.299999237	20036
1646269	10.03288341	2	9.23656341	OH	43110	0.7963200212	43110
1646921	9.20941056	2	7.548049	WA	99202	1.6613615751	99202
1648956	131.2	2	112.9	DC	20036	18.299999237	20036
1651721	5.199	2	4.198835	FL	33602	1.0001649857	33602
1654124	5.550516	2	5.50411456	CA	90401	0.0464014411	90401
1656108	33.562	2	19.458	IL	60010	14.104000092	60010
1658966	7	2	4.1	CA	94107	2.9000000954	94107
1660918	102.6	2	66.2	DC	20036	36.400001526	20036
1660919	101.3	2	66.7	DC	20036	34.599998474	20036
1660983	26.9	2	18.9	DC	20009	8	20009
1660987	42.6	2	35.6	DC	20009	7	20009
1660998	62.1	2	44.7	DC	20036	17.399999619	20036
1661000	61.3	2	48	DC	20036	13.300000191	20036
1661023	104.7	2	64.8	DC	20036	39.900001526	20036
1661166	5.851294	2	3.760196	FL	32801	2.0910980701	32801
1661779	13.211279	2	5.259893	CA	90069	7.9513859749	90069
1664038	0.52	1	0	FL	33160	0.5199999809	33160
1668010	8.894052	2	7.706911	CA	90013	1.1871409416	90013
1669368	0.26735	2	0.04235	VA	20190-5667	0.224999994	20190
1669664	72.936	2	52.67	CA	90025	20.266000748	90025
1674163	5.456312	2	2.450139	CA	90067	3.0061728954	90067
1678107	3.319535	2	3.060179	AZ	85715	0.2593559921	85715
1680657	50	2	39.2	UT	84121	10.800000191	84121
1681287	0.007786	1	0	NY	10989	0.0077860001	10989
1683145	10.584978	2	3.888362	CA	94612	6.6966161728	94612
1683719	12.2348	2	12.222	NV	89123	0.0127999997	89123
1683872	0.4922712125	2	0.41772416	CA	90265	0.0745470524	90265
1687316	0.370667	2	0	AZ	85204	0.3706670105	85204
1688804	7.4357	2	5.3672	NY	10012	2.068500042	10012
1690824	0.0669	2	0.054398	CA	94577	0.0125019997	94577
1693656	15.4	2	0	NY	10011	15.399999619	10011
1694046	2.03656466	2	0.555995	VA	22204	1.4805696011	22204
1698370	10	2	8	A1	V1T 9G1	2	V1T 9
1699573	27.525	2	17.26	CA	90025	10.265000343	90025
1699834	50	2	4.78	FL	33431	45.220001221	33431
1700461	7.51393	2	2.81495	CA	90025	4.6989798546	90025
1700800	22.7	2	12.69918	CA	92121	10.00082016	92121
1700976	17.587382	2	0	FL	32801	17.587381363	32801
1702206	9.382134	2	6.999756	CA	94043	2.3823781013	94043
1704303	7.695595	2	7.49366	GA	30326	0.2019349933	30326
1705012	25.177	2	24	CA	90212	1.1770000458	90212
1706350	6.912274	2	0	IL	60201	6.9122738838	60201
1706656	28.7	2	11.6	DC	20009	17.100000381	20009
1706907	0.265	1	0	FL	33166	0.2649999857	33166
1706951	0.19431	2	0	CO	80202	0.1943099946	80202
1710274	1.98323	2	1.37023	CA	92024	0.6129999757	92024
1714420	16.811247	2	15.207458	CA	90024	1.6037889719	90024
1714680	2.709285	2	0	CA	94107	2.7092850208	94107
1714781	9.7404	2	3.696	NJ	08638	6.0444002151	08638
1714919	3.572235	2	1.961002	IL	60089	1.611232996	60089
1720014	49.822095	2	49.527095	TX	75201	0.2949999869	75201
1721469	0.66852	2	0	CA	91786	0.6685199738	91786
1723028	13.855741	2	10.575735	CA	92626	3.2800059319	92626
1723443	2.76143705	2	2.09842105	MN	55125	0.6630160213	55125
1724293	0.728701	1	0	NY	10017	0.7287009954	10017
1727535	1.2625	1	0	NJ	07024	1.2625000477	07024
1732217	0.528596	2	0	NY	10017	0.528595984	10017
1733443	11.1933	2	9.982124	UT	84737	1.2111760378	84737
1734669	0.4374	2	0.0595	FL	33431	0.3779000044	33431
1735770	0.04175	2	0	MD	21601	0.0417499989	21601
1737337	0.5658	2	0.424178	OH	45227	0.1416220069	45227
1738134	1.9965	2	0	NY	10013	1.9965000153	10013
1741220	0.0129	2	0.0126	TX	77494	0.0003	77494
1741665	50	2	16.67	FL	33180	33.330001831	33180
1741687	0.01720817	2	0.00133476	CA	92130	0.0158734098	92130
1742075	0.2	2	0	TN	37205	0.200000003	37205
1742521	50	2	14.998	MI	49546	35.001998901	49546
1744448	3.216968	2	0	CA	91711	3.2169680595	91711
1746078	19.35816475	2	4.138876	IL	60605	15.219288826	60605
1749817	44.9799	2	4.4631	CT	06830	40.516799927	06830
1750148	3.6555	2	0	NY	10013	3.6554999352	10013
1750695	12.104793	2	0	CA	92101	12.104792595	92101
1751158	2.30122	2	0	GA	30308	2.3012199402	30308
1756014	0.4747941	2	0	NV	89135	0.4747940898	89135
1756704	1	1	0	CA	92064	1	92064
1758744	49.4	2	0	DC	20036	49.400001526	20036
1758745	49.3	2	11.5	DC	20036	37.799999237	20036
1760319	0.26295	2	0	CA	90501	0.2629500031	90501
1760903	0.735	2	0	FL	33477	0.7350000143	33477
1764460	50	2	0	UT	84121	50	84121
1765347	1.334218	2	0	FL	33578	1.3342180252	33578
1766343	20.463	2	0	FL	33180	20.462999344	33180
1766914	0.06425	2	0	OH	45430	0.0642499998	45430
1767876	0.618	2	0	NY	10017	0.6179999709	10017
1768126	1.5233	2	0	NY	10012	1.5233000517	10012
1768726	46.1	2	0	DC	20009	46.099998474	20009
1768760	49.7	2	0	DC	20009	49.700000763	20009
1769759	13.608084	2	0	NY	11251	13.608083725	11251
1772602	0.119	2	0	FL	33578	0.1190000027	33578
1773026	0.09	2	0	CA	94903	0.0900000036	94903
1776857	48.7	2	0	DC	20036	48.700000763	20036
1776860	30.3	2	0	DC	20036	30.299999237	20036
1778651	15.111436	2	0	A1	V6C 3E8	15.11143589	V6C 3
1779303	2.021147	1	0	CA	92127	2.0211470127	92127
1780633	50	2	0	MI	49546	50	49546
1781737	1.039	2	0	NY	10013	1.0390000343	10013
1782627	0.62354	2	0	CA	90066	0.6235399842	90066
1785031	1.292	2	0	NV	89108	1.2920000553	89108
1788427	2.138059	2	0	IL	60010	2.1380589008	60010
1790169	10.2	2	0	A6	M5H2M5	10.199999809	M5H2M
1791539	1.089	2	0	NY	10013	1.0889999866	10013
1792103	14.134	2	0	DC	20036	14.133999825	20036
1792104	0.028	2	0	DC	20036	0.0280000009	20036
1792106	25.476	2	0	DC	20036	25.475999832	20036
1792744	40.26	2	0	NE	68743	40.259998322	68743
1794418	29.7	2	0	MI	49546	29.700000763	49546
1794758	1.18876	2	0	NY	10013	1.1887600422	10013
1800207	14.669	2	0	FL	33487	14.668999672	33487
